0 0.8953125 0.23984375 0.1296875 0.140625
0 0.68046875 0.30234375 0.15625 0.14921875
0 0.50859375 0.31484375 0.17890625 0.1828125
0 0.171875 0.2453125 0.1515625 0.13828125
0 0.24765625 0.1953125 0.1296875 0.1671875
0 0.325 0.34609375 0.11796875 0.125
0 0.76640625 0.25 0.1140625 0.14296875
1 0.878125 0.640625 0.171875 0.49140625
1 0.53046875 0.7609375 0.2078125 0.42890625
1 0.19765625 0.71328125 0.1671875 0.515625
1 0.32109375 0.62265625 0.1203125 0.38828125
1 0.671875 0.69296875 0.20078125 0.4890625